# transform file /usr/local/freesurfer/subjects/3515/mri/transforms/cc_up.lta
# created by ubuntu on Tue Jan  9 03:38:55 2018

type      = 0 # LINEAR_VOX_TO_VOX
nxforms   = 1
mean      = 129.0000 115.0000 106.0000
sigma     = 10000.0000
1 4 4
9.997581243515015e-01 2.170751057565212e-02 -3.532678354531527e-03 -1.397381067276001e+00 
-2.170737460255623e-02 9.997643232345581e-01 7.670372724533081e-05 3.580887222290039e+01 
3.533510956913233e-03 0.000000000000000e+00 9.999938011169434e-01 3.654584884643555e+01 
0.000000000000000e+00 0.000000000000000e+00 0.000000000000000e+00 1.000000000000000e+00 
src volume info
valid = 1  # volume info valid
filename = /usr/local/freesurfer/subjects/3515/mri/norm.mgz
volume = 256 256 256
voxelsize = 1.000000000000000e+00 1.000000000000000e+00 1.000000000000000e+00
xras   = -9.999999403953552e-01 0.000000000000000e+00 0.000000000000000e+00
yras   = 0.000000000000000e+00 0.000000000000000e+00 -9.999999403953552e-01
zras   = 0.000000000000000e+00 9.999999403953552e-01 0.000000000000000e+00
cras   = 2.433699188232422e+02 3.229645385742188e+02 5.679689941406250e+02
dst volume info
valid = 1  # volume info valid
filename = /usr/local/freesurfer/subjects/3515/mri/norm.mgz
volume = 256 256 256
voxelsize = 1.000000000000000e+00 1.000000000000000e+00 1.000000000000000e+00
xras   = -9.999999403953552e-01 0.000000000000000e+00 0.000000000000000e+00
yras   = 0.000000000000000e+00 0.000000000000000e+00 -9.999999403953552e-01
zras   = 0.000000000000000e+00 9.999999403953552e-01 0.000000000000000e+00
cras   = 2.433699188232422e+02 3.229645385742188e+02 5.679689941406250e+02
