# transform file /usr/local/freesurfer/subjects/4123/mri/transforms/cc_up.lta
# created by ubuntu on Wed Jan 17 04:43:38 2018

type      = 0 # LINEAR_VOX_TO_VOX
nxforms   = 1
mean      = 130.0000 113.0000 119.0000
sigma     = 10000.0000
1 4 4
9.966289997100830e-01 4.624884575605392e-02 -6.776203215122223e-02 9.363123178482056e-01 
-4.614231735467911e-02 9.989299178123474e-01 3.137273015454412e-03 4.378643417358398e+01 
6.783461570739746e-02 -2.328306436538696e-10 9.976966381072998e-01 6.373955726623535e+00 
0.000000000000000e+00 0.000000000000000e+00 0.000000000000000e+00 1.000000000000000e+00 
src volume info
valid = 1  # volume info valid
filename = /usr/local/freesurfer/subjects/4123/mri/norm.mgz
volume = 256 256 256
voxelsize = 1.000000000000000e+00 1.000000000000000e+00 1.000000000000000e+00
xras   = -1.000000000000000e+00 0.000000000000000e+00 0.000000000000000e+00
yras   = 0.000000000000000e+00 0.000000000000000e+00 -9.999999403953552e-01
zras   = 0.000000000000000e+00 9.999999403953552e-01 0.000000000000000e+00
cras   = 1.863122558593750e+02 2.928268432617188e+02 4.930731811523438e+02
dst volume info
valid = 1  # volume info valid
filename = /usr/local/freesurfer/subjects/4123/mri/norm.mgz
volume = 256 256 256
voxelsize = 1.000000000000000e+00 1.000000000000000e+00 1.000000000000000e+00
xras   = -1.000000000000000e+00 0.000000000000000e+00 0.000000000000000e+00
yras   = 0.000000000000000e+00 0.000000000000000e+00 -9.999999403953552e-01
zras   = 0.000000000000000e+00 9.999999403953552e-01 0.000000000000000e+00
cras   = 1.863122558593750e+02 2.928268432617188e+02 4.930731811523438e+02
