# transform file /usr/local/freesurfer/subjects/3063/mri/transforms/cc_up.lta
# created by ubuntu on Mon Jan  1 00:15:19 2018

type      = 0 # LINEAR_VOX_TO_VOX
nxforms   = 1
mean      = 130.0000 118.0000 109.0000
sigma     = 10000.0000
1 4 4
9.995515346527100e-01 2.249066531658173e-02 1.977751962840557e-02 -5.303252220153809e+00 
-2.248626388609409e-02 9.997471570968628e-01 -4.449221305549145e-04 3.599729919433594e+01 
-1.978252269327641e-02 2.910383392618066e-11 9.998044371604919e-01 2.259462547302246e+01 
0.000000000000000e+00 0.000000000000000e+00 0.000000000000000e+00 1.000000000000000e+00 
src volume info
valid = 1  # volume info valid
filename = /usr/local/freesurfer/subjects/3063/mri/norm.mgz
volume = 256 256 256
voxelsize = 1.000000000000000e+00 1.000000000000000e+00 1.000000000000000e+00
xras   = -1.000000000000000e+00 0.000000000000000e+00 0.000000000000000e+00
yras   = 0.000000000000000e+00 0.000000000000000e+00 -1.000000000000000e+00
zras   = 0.000000000000000e+00 1.000000000000000e+00 0.000000000000000e+00
cras   = 2.175626220703125e+02 3.042157592773438e+02 5.339111328125000e+02
dst volume info
valid = 1  # volume info valid
filename = /usr/local/freesurfer/subjects/3063/mri/norm.mgz
volume = 256 256 256
voxelsize = 1.000000000000000e+00 1.000000000000000e+00 1.000000000000000e+00
xras   = -1.000000000000000e+00 0.000000000000000e+00 0.000000000000000e+00
yras   = 0.000000000000000e+00 0.000000000000000e+00 -1.000000000000000e+00
zras   = 0.000000000000000e+00 1.000000000000000e+00 0.000000000000000e+00
cras   = 2.175626220703125e+02 3.042157592773438e+02 5.339111328125000e+02
