# transform file /usr/local/freesurfer/subjects/3614/mri/transforms/cc_up.lta
# created by ubuntu on Wed Jan 10 11:14:58 2018

type      = 0 # LINEAR_VOX_TO_VOX
nxforms   = 1
mean      = 131.0000 125.0000 105.0000
sigma     = 10000.0000
1 4 4
9.991556406021118e-01 4.043563827872276e-02 7.278033066540956e-03 -6.869795799255371e+00 
-4.043456539511681e-02 9.991821050643921e-01 -2.945328014902771e-04 3.337615585327148e+01 
-7.283990737050772e-03 0.000000000000000e+00 9.999735355377197e-01 3.395121765136719e+01 
0.000000000000000e+00 0.000000000000000e+00 0.000000000000000e+00 1.000000000000000e+00 
src volume info
valid = 1  # volume info valid
filename = /usr/local/freesurfer/subjects/3614/mri/norm.mgz
volume = 256 256 256
voxelsize = 1.000000000000000e+00 1.000000000000000e+00 1.000000000000000e+00
xras   = -1.000000000000000e+00 0.000000000000000e+00 0.000000000000000e+00
yras   = 0.000000000000000e+00 0.000000000000000e+00 -1.000000000000000e+00
zras   = 0.000000000000000e+00 1.000000000000000e+00 0.000000000000000e+00
cras   = 2.154213256835938e+02 2.912922363281250e+02 5.425234375000000e+02
dst volume info
valid = 1  # volume info valid
filename = /usr/local/freesurfer/subjects/3614/mri/norm.mgz
volume = 256 256 256
voxelsize = 1.000000000000000e+00 1.000000000000000e+00 1.000000000000000e+00
xras   = -1.000000000000000e+00 0.000000000000000e+00 0.000000000000000e+00
yras   = 0.000000000000000e+00 0.000000000000000e+00 -1.000000000000000e+00
zras   = 0.000000000000000e+00 1.000000000000000e+00 0.000000000000000e+00
cras   = 2.154213256835938e+02 2.912922363281250e+02 5.425234375000000e+02
