# transform file /usr/local/freesurfer/subjects/4067/mri/transforms/cc_up.lta
# created by ubuntu on Tue Jan 16 05:05:21 2018

type      = 0 # LINEAR_VOX_TO_VOX
nxforms   = 1
mean      = 128.0000 128.0000 109.0000
sigma     = 10000.0000
1 4 4
9.998547434806824e-01 1.603999733924866e-02 -5.782033782452345e-03 1.716618537902832e-01 
-1.603972911834717e-02 9.998714327812195e-01 9.275573393097147e-05 2.105264854431152e+01 
5.782777909189463e-03 0.000000000000000e+00 9.999833703041077e-01 3.326345062255859e+01 
0.000000000000000e+00 0.000000000000000e+00 0.000000000000000e+00 1.000000000000000e+00 
src volume info
valid = 1  # volume info valid
filename = /usr/local/freesurfer/subjects/4067/mri/norm.mgz
volume = 256 256 256
voxelsize = 1.000000000000000e+00 1.000000000000000e+00 1.000000000000000e+00
xras   = -1.000000000000000e+00 0.000000000000000e+00 0.000000000000000e+00
yras   = 0.000000000000000e+00 0.000000000000000e+00 -1.000000000000000e+00
zras   = 0.000000000000000e+00 1.000000000000000e+00 0.000000000000000e+00
cras   = 1.951454162597656e+02 2.719374084472656e+02 5.088980712890625e+02
dst volume info
valid = 1  # volume info valid
filename = /usr/local/freesurfer/subjects/4067/mri/norm.mgz
volume = 256 256 256
voxelsize = 1.000000000000000e+00 1.000000000000000e+00 1.000000000000000e+00
xras   = -1.000000000000000e+00 0.000000000000000e+00 0.000000000000000e+00
yras   = 0.000000000000000e+00 0.000000000000000e+00 -1.000000000000000e+00
zras   = 0.000000000000000e+00 1.000000000000000e+00 0.000000000000000e+00
cras   = 1.951454162597656e+02 2.719374084472656e+02 5.088980712890625e+02
