# transform file /usr/local/freesurfer/subjects/3281/mri/transforms/cc_up.lta
# created by ubuntu on Tue Jan  2 08:43:04 2018

type      = 0 # LINEAR_VOX_TO_VOX
nxforms   = 1
mean      = 129.0000 115.0000 108.0000
sigma     = 10000.0000
1 4 4
9.999229311943054e-01 6.398872938007116e-05 -1.242321077734232e-02 1.909240603446960e+00 
-6.398379628080875e-05 1.000000000000000e+00 7.949454925437749e-07 3.900807571411133e+01 
1.242321077734232e-02 -5.684342563707159e-14 9.999229311943054e-01 2.742585563659668e+01 
0.000000000000000e+00 0.000000000000000e+00 0.000000000000000e+00 1.000000000000000e+00 
src volume info
valid = 1  # volume info valid
filename = /usr/local/freesurfer/subjects/3281/mri/norm.mgz
volume = 256 256 256
voxelsize = 1.000000000000000e+00 1.000000000000000e+00 1.000000000000000e+00
xras   = -1.000000000000000e+00 0.000000000000000e+00 0.000000000000000e+00
yras   = 0.000000000000000e+00 0.000000000000000e+00 -1.000000000000000e+00
zras   = 0.000000000000000e+00 1.000000000000000e+00 0.000000000000000e+00
cras   = 2.164444580078125e+02 2.956459960937500e+02 5.435117797851562e+02
dst volume info
valid = 1  # volume info valid
filename = /usr/local/freesurfer/subjects/3281/mri/norm.mgz
volume = 256 256 256
voxelsize = 1.000000000000000e+00 1.000000000000000e+00 1.000000000000000e+00
xras   = -1.000000000000000e+00 0.000000000000000e+00 0.000000000000000e+00
yras   = 0.000000000000000e+00 0.000000000000000e+00 -1.000000000000000e+00
zras   = 0.000000000000000e+00 1.000000000000000e+00 0.000000000000000e+00
cras   = 2.164444580078125e+02 2.956459960937500e+02 5.435117797851562e+02
