# transform file /usr/local/freesurfer/subjects/3824/mri/transforms/cc_up.lta
# created by ubuntu on Sun Jan 14 07:50:03 2018

type      = 0 # LINEAR_VOX_TO_VOX
nxforms   = 1
mean      = 128.0000 97.0000 117.0000
sigma     = 10000.0000
1 4 4
9.991046786308289e-01 -1.600553467869759e-02 -3.916278854012489e-02 7.980805873870850e+00 
1.599325239658356e-02 9.998719692230225e-01 -6.269016885198653e-04 4.905291366577148e+01 
3.916780278086662e-02 5.820766091346741e-11 9.992327094078064e-01 1.112137317657471e+01 
0.000000000000000e+00 0.000000000000000e+00 0.000000000000000e+00 1.000000000000000e+00 
src volume info
valid = 1  # volume info valid
filename = /usr/local/freesurfer/subjects/3824/mri/norm.mgz
volume = 256 256 256
voxelsize = 1.000000000000000e+00 1.000000000000000e+00 1.000000000000000e+00
xras   = -1.000000000000000e+00 0.000000000000000e+00 0.000000000000000e+00
yras   = 0.000000000000000e+00 0.000000000000000e+00 -1.000000000000000e+00
zras   = 0.000000000000000e+00 1.000000000000000e+00 0.000000000000000e+00
cras   = 2.095653076171875e+02 2.741714477539062e+02 5.098759765625000e+02
dst volume info
valid = 1  # volume info valid
filename = /usr/local/freesurfer/subjects/3824/mri/norm.mgz
volume = 256 256 256
voxelsize = 1.000000000000000e+00 1.000000000000000e+00 1.000000000000000e+00
xras   = -1.000000000000000e+00 0.000000000000000e+00 0.000000000000000e+00
yras   = 0.000000000000000e+00 0.000000000000000e+00 -1.000000000000000e+00
zras   = 0.000000000000000e+00 1.000000000000000e+00 0.000000000000000e+00
cras   = 2.095653076171875e+02 2.741714477539062e+02 5.098759765625000e+02
