# transform file /usr/local/freesurfer/subjects/4122/mri/transforms/cc_up.lta
# created by ubuntu on Wed Jan 17 04:50:04 2018

type      = 0 # LINEAR_VOX_TO_VOX
nxforms   = 1
mean      = 131.0000 125.0000 117.0000
sigma     = 10000.0000
1 4 4
9.975698590278625e-01 -5.212223529815674e-02 -4.623457416892052e-02 1.096799659729004e+01 
5.206634476780891e-02 9.986407160758972e-01 -2.413129433989525e-03 1.068844795227051e+01 
4.629750549793243e-02 -2.328306436538696e-10 9.989276528358459e-01 2.314731979370117e+01 
0.000000000000000e+00 0.000000000000000e+00 0.000000000000000e+00 1.000000000000000e+00 
src volume info
valid = 1  # volume info valid
filename = /usr/local/freesurfer/subjects/4122/mri/norm.mgz
volume = 256 256 256
voxelsize = 1.000000000000000e+00 1.000000000000000e+00 1.000000000000000e+00
xras   = -1.000000000000000e+00 0.000000000000000e+00 0.000000000000000e+00
yras   = 0.000000000000000e+00 0.000000000000000e+00 -9.999999403953552e-01
zras   = 0.000000000000000e+00 9.999999403953552e-01 0.000000000000000e+00
cras   = 2.012300415039062e+02 2.889799194335938e+02 5.230569458007812e+02
dst volume info
valid = 1  # volume info valid
filename = /usr/local/freesurfer/subjects/4122/mri/norm.mgz
volume = 256 256 256
voxelsize = 1.000000000000000e+00 1.000000000000000e+00 1.000000000000000e+00
xras   = -1.000000000000000e+00 0.000000000000000e+00 0.000000000000000e+00
yras   = 0.000000000000000e+00 0.000000000000000e+00 -9.999999403953552e-01
zras   = 0.000000000000000e+00 9.999999403953552e-01 0.000000000000000e+00
cras   = 2.012300415039062e+02 2.889799194335938e+02 5.230569458007812e+02
