# transform file /usr/local/freesurfer/subjects/3616/mri/transforms/cc_up.lta
# created by ubuntu on Wed Jan 10 11:17:31 2018

type      = 0 # LINEAR_VOX_TO_VOX
nxforms   = 1
mean      = 132.0000 126.0000 106.0000
sigma     = 10000.0000
1 4 4
9.928687214851379e-01 1.189729645848274e-01 7.545117288827896e-03 -1.920113182067871e+01 
-1.189695298671722e-01 9.928973913192749e-01 -9.040863369591534e-04 2.175838279724121e+01 
-7.599089760333300e-03 0.000000000000000e+00 9.999710321426392e-01 3.901203155517578e+01 
0.000000000000000e+00 0.000000000000000e+00 0.000000000000000e+00 1.000000000000000e+00 
src volume info
valid = 1  # volume info valid
filename = /usr/local/freesurfer/subjects/3616/mri/norm.mgz
volume = 256 256 256
voxelsize = 1.000000000000000e+00 1.000000000000000e+00 1.000000000000000e+00
xras   = -1.000000000000000e+00 0.000000000000000e+00 0.000000000000000e+00
yras   = 0.000000000000000e+00 0.000000000000000e+00 -1.000000000000000e+00
zras   = 0.000000000000000e+00 1.000000000000000e+00 0.000000000000000e+00
cras   = 2.308148498535156e+02 3.037905578613281e+02 5.391156005859375e+02
dst volume info
valid = 1  # volume info valid
filename = /usr/local/freesurfer/subjects/3616/mri/norm.mgz
volume = 256 256 256
voxelsize = 1.000000000000000e+00 1.000000000000000e+00 1.000000000000000e+00
xras   = -1.000000000000000e+00 0.000000000000000e+00 0.000000000000000e+00
yras   = 0.000000000000000e+00 0.000000000000000e+00 -1.000000000000000e+00
zras   = 0.000000000000000e+00 1.000000000000000e+00 0.000000000000000e+00
cras   = 2.308148498535156e+02 3.037905578613281e+02 5.391156005859375e+02
