# transform file /usr/local/freesurfer/subjects/3619/mri/transforms/cc_up.lta
# created by ubuntu on Wed Jan 10 10:39:54 2018

type      = 0 # LINEAR_VOX_TO_VOX
nxforms   = 1
mean      = 130.0000 104.0000 124.0000
sigma     = 10000.0000
1 4 4
9.973585605621338e-01 -5.571717023849487e-02 4.660068452358246e-02 -3.611256480216980e-01 
5.565645173192024e-02 9.984465837478638e-01 2.600497798994184e-03 4.371715545654297e+01 
-4.667318612337112e-02 0.000000000000000e+00 9.989102482795715e-01 6.068004608154297e+00 
0.000000000000000e+00 0.000000000000000e+00 0.000000000000000e+00 1.000000000000000e+00 
src volume info
valid = 1  # volume info valid
filename = /usr/local/freesurfer/subjects/3619/mri/norm.mgz
volume = 256 256 256
voxelsize = 1.000000000000000e+00 1.000000000000000e+00 1.000000000000000e+00
xras   = -9.999999403953552e-01 0.000000000000000e+00 0.000000000000000e+00
yras   = 0.000000000000000e+00 0.000000000000000e+00 -1.000000000000000e+00
zras   = 0.000000000000000e+00 1.000000000000000e+00 0.000000000000000e+00
cras   = 2.232730102539062e+02 5.440036010742188e+02 7.863068237304688e+02
dst volume info
valid = 1  # volume info valid
filename = /usr/local/freesurfer/subjects/3619/mri/norm.mgz
volume = 256 256 256
voxelsize = 1.000000000000000e+00 1.000000000000000e+00 1.000000000000000e+00
xras   = -9.999999403953552e-01 0.000000000000000e+00 0.000000000000000e+00
yras   = 0.000000000000000e+00 0.000000000000000e+00 -1.000000000000000e+00
zras   = 0.000000000000000e+00 1.000000000000000e+00 0.000000000000000e+00
cras   = 2.232730102539062e+02 5.440036010742188e+02 7.863068237304688e+02
