# transform file /usr/local/freesurfer/subjects/4069/mri/transforms/cc_up.lta
# created by ubuntu on Tue Jan 16 05:35:46 2018

type      = 0 # LINEAR_VOX_TO_VOX
nxforms   = 1
mean      = 128.0000 135.0000 122.0000
sigma     = 10000.0000
1 4 4
9.991841912269592e-01 2.718366310000420e-02 -2.986662089824677e-02 1.252897500991821e+00 
-2.717152610421181e-02 9.996304512023926e-01 8.121842402033508e-04 2.043288040161133e+01 
2.987766079604626e-02 0.000000000000000e+00 9.995535612106323e-01 1.822297668457031e+01 
0.000000000000000e+00 0.000000000000000e+00 0.000000000000000e+00 1.000000000000000e+00 
src volume info
valid = 1  # volume info valid
filename = /usr/local/freesurfer/subjects/4069/mri/norm.mgz
volume = 256 256 256
voxelsize = 1.000000000000000e+00 1.000000000000000e+00 1.000000000000000e+00
xras   = -1.000000000000000e+00 0.000000000000000e+00 0.000000000000000e+00
yras   = 0.000000000000000e+00 0.000000000000000e+00 -1.000000000000000e+00
zras   = 0.000000000000000e+00 1.000000000000000e+00 0.000000000000000e+00
cras   = 2.124680480957031e+02 2.660089721679688e+02 4.992542724609375e+02
dst volume info
valid = 1  # volume info valid
filename = /usr/local/freesurfer/subjects/4069/mri/norm.mgz
volume = 256 256 256
voxelsize = 1.000000000000000e+00 1.000000000000000e+00 1.000000000000000e+00
xras   = -1.000000000000000e+00 0.000000000000000e+00 0.000000000000000e+00
yras   = 0.000000000000000e+00 0.000000000000000e+00 -1.000000000000000e+00
zras   = 0.000000000000000e+00 1.000000000000000e+00 0.000000000000000e+00
cras   = 2.124680480957031e+02 2.660089721679688e+02 4.992542724609375e+02
