# transform file /usr/local/freesurfer/subjects/4037/mri/transforms/cc_up.lta
# created by ubuntu on Fri Jan 19 16:38:09 2018

type      = 0 # LINEAR_VOX_TO_VOX
nxforms   = 1
mean      = 121.0000 127.0000 127.0000
sigma     = 10000.0000
1 4 4
9.913973212242126e-01 -1.075358502566814e-02 1.304450333118439e-01 -4.831107616424561e+00 
1.066169142723083e-02 9.999422430992126e-01 1.402832800522447e-03 2.155468559265137e+01 
-1.304525732994080e-01 0.000000000000000e+00 9.914546608924866e-01 2.976749610900879e+01 
0.000000000000000e+00 0.000000000000000e+00 0.000000000000000e+00 1.000000000000000e+00 
src volume info
valid = 1  # volume info valid
filename = /usr/local/freesurfer/subjects/4037/mri/norm.mgz
volume = 256 256 256
voxelsize = 1.000000000000000e+00 1.000000000000000e+00 1.000000000000000e+00
xras   = -1.000000000000000e+00 0.000000000000000e+00 0.000000000000000e+00
yras   = 0.000000000000000e+00 0.000000000000000e+00 -1.000000000000000e+00
zras   = 0.000000000000000e+00 1.000000000000000e+00 0.000000000000000e+00
cras   = 2.160000000000000e+02 2.725000000000000e+02 5.240000000000000e+02
dst volume info
valid = 1  # volume info valid
filename = /usr/local/freesurfer/subjects/4037/mri/norm.mgz
volume = 256 256 256
voxelsize = 1.000000000000000e+00 1.000000000000000e+00 1.000000000000000e+00
xras   = -1.000000000000000e+00 0.000000000000000e+00 0.000000000000000e+00
yras   = 0.000000000000000e+00 0.000000000000000e+00 -1.000000000000000e+00
zras   = 0.000000000000000e+00 1.000000000000000e+00 0.000000000000000e+00
cras   = 2.160000000000000e+02 2.725000000000000e+02 5.240000000000000e+02
