# transform file transforms/talairach.lta
# created by ubuntu on Fri Jan 19 06:07:20 2018

type      = 0 # LINEAR_VOX_TO_VOX
nxforms   = 1
mean      = 121.0000 127.0000 124.0000
sigma     = 10000.0000
1 4 4
1.067411541938782e+00 1.099316310137510e-02 1.387216299772263e-01 -2.094912338256836e+01 
-3.942053392529488e-02 1.076746225357056e+00 2.601826190948486e-01 -3.541814041137695e+01 
-1.206078976392746e-01 -2.259431034326553e-01 9.602746963500977e-01 3.281142425537109e+01 
0.000000000000000e+00 0.000000000000000e+00 0.000000000000000e+00 1.000000000000000e+00 
src volume info
valid = 1  # volume info valid
filename = nu.mgz
volume = 256 256 256
voxelsize = 1.000000000000000e+00 1.000000000000000e+00 1.000000000000000e+00
xras   = -1.000000000000000e+00 0.000000000000000e+00 0.000000000000000e+00
yras   = 0.000000000000000e+00 0.000000000000000e+00 -1.000000000000000e+00
zras   = 0.000000000000000e+00 1.000000000000000e+00 0.000000000000000e+00
cras   = 2.160000000000000e+02 2.725000000000000e+02 5.240000000000000e+02
dst volume info
valid = 1  # volume info valid
filename = /usr/local/freesurfer/average/RB_all_2016-05-10.vc700.gca
volume = 256 256 256
voxelsize = 1.000000000000000e+00 1.000000000000000e+00 1.000000000000000e+00
xras   = -1.000000000000000e+00 0.000000000000000e+00 0.000000000000000e+00
yras   = 0.000000000000000e+00 0.000000000000000e+00 -1.000000000000000e+00
zras   = 0.000000000000000e+00 1.000000000000000e+00 0.000000000000000e+00
cras   = 0.000000000000000e+00 0.000000000000000e+00 0.000000000000000e+00
