# transform file /usr/local/freesurfer/subjects/3765/mri/transforms/cc_up.lta
# created by ubuntu on Thu Jan 11 11:09:35 2018

type      = 0 # LINEAR_VOX_TO_VOX
nxforms   = 1
mean      = 128.0000 121.0000 114.0000
sigma     = 10000.0000
1 4 4
9.994661211967468e-01 -2.617230638861656e-02 1.956233941018581e-02 1.794913768768311e+00 
2.616729401051998e-02 9.996575713157654e-01 5.121669382788241e-04 2.063397598266602e+01 
-1.956904307007790e-02 0.000000000000000e+00 9.998086094856262e-01 2.852437400817871e+01 
0.000000000000000e+00 0.000000000000000e+00 0.000000000000000e+00 1.000000000000000e+00 
src volume info
valid = 1  # volume info valid
filename = /usr/local/freesurfer/subjects/3765/mri/norm.mgz
volume = 256 256 256
voxelsize = 1.000000000000000e+00 1.000000000000000e+00 1.000000000000000e+00
xras   = -1.000000000000000e+00 0.000000000000000e+00 0.000000000000000e+00
yras   = 0.000000000000000e+00 0.000000000000000e+00 -1.000000000000000e+00
zras   = 0.000000000000000e+00 1.000000000000000e+00 0.000000000000000e+00
cras   = 1.974835205078125e+02 2.685052795410156e+02 5.061057128906250e+02
dst volume info
valid = 1  # volume info valid
filename = /usr/local/freesurfer/subjects/3765/mri/norm.mgz
volume = 256 256 256
voxelsize = 1.000000000000000e+00 1.000000000000000e+00 1.000000000000000e+00
xras   = -1.000000000000000e+00 0.000000000000000e+00 0.000000000000000e+00
yras   = 0.000000000000000e+00 0.000000000000000e+00 -1.000000000000000e+00
zras   = 0.000000000000000e+00 1.000000000000000e+00 0.000000000000000e+00
cras   = 1.974835205078125e+02 2.685052795410156e+02 5.061057128906250e+02
