# transform file /usr/local/freesurfer/subjects/3064/mri/transforms/cc_up.lta
# created by ubuntu on Sun Dec 31 23:55:26 2017

type      = 0 # LINEAR_VOX_TO_VOX
nxforms   = 1
mean      = 129.0000 96.0000 116.0000
sigma     = 10000.0000
1 4 4
9.990566372871399e-01 -4.030524287372828e-03 4.323839396238327e-02 -5.546950817108154e+00 
4.026755224913359e-03 9.999918341636658e-01 1.742748281685635e-04 5.446113967895508e+01 
-4.323874786496162e-02 1.455191522836685e-11 9.990647435188293e-01 2.368960762023926e+01 
0.000000000000000e+00 0.000000000000000e+00 0.000000000000000e+00 1.000000000000000e+00 
src volume info
valid = 1  # volume info valid
filename = /usr/local/freesurfer/subjects/3064/mri/norm.mgz
volume = 256 256 256
voxelsize = 1.000000000000000e+00 1.000000000000000e+00 1.000000000000000e+00
xras   = -1.000000000000000e+00 0.000000000000000e+00 0.000000000000000e+00
yras   = 0.000000000000000e+00 0.000000000000000e+00 -1.000000000000000e+00
zras   = 0.000000000000000e+00 1.000000000000000e+00 0.000000000000000e+00
cras   = 2.334929809570312e+02 2.989804077148438e+02 5.197521972656250e+02
dst volume info
valid = 1  # volume info valid
filename = /usr/local/freesurfer/subjects/3064/mri/norm.mgz
volume = 256 256 256
voxelsize = 1.000000000000000e+00 1.000000000000000e+00 1.000000000000000e+00
xras   = -1.000000000000000e+00 0.000000000000000e+00 0.000000000000000e+00
yras   = 0.000000000000000e+00 0.000000000000000e+00 -1.000000000000000e+00
zras   = 0.000000000000000e+00 1.000000000000000e+00 0.000000000000000e+00
cras   = 2.334929809570312e+02 2.989804077148438e+02 5.197521972656250e+02
