# transform file /usr/local/freesurfer/subjects/3432/mri/transforms/cc_up.lta
# created by ubuntu on Fri Jan  5 03:15:18 2018

type      = 0 # LINEAR_VOX_TO_VOX
nxforms   = 1
mean      = 130.0000 139.0000 117.0000
sigma     = 10000.0000
1 4 4
9.985790252685547e-01 -3.317974135279655e-02 -4.170373454689980e-02 8.018682479858398e+00 
3.315084427595139e-02 9.994494915008545e-01 -1.384481322020292e-03 5.918647766113281e+00 
4.172670841217041e-02 -1.164153357047226e-10 9.991291165351868e-01 2.869912528991699e+01 
0.000000000000000e+00 0.000000000000000e+00 0.000000000000000e+00 1.000000000000000e+00 
src volume info
valid = 1  # volume info valid
filename = /usr/local/freesurfer/subjects/3432/mri/norm.mgz
volume = 256 256 256
voxelsize = 1.000000000000000e+00 1.000000000000000e+00 1.000000000000000e+00
xras   = -1.000000000000000e+00 0.000000000000000e+00 0.000000000000000e+00
yras   = 0.000000000000000e+00 0.000000000000000e+00 -1.000000000000000e+00
zras   = 0.000000000000000e+00 1.000000000000000e+00 0.000000000000000e+00
cras   = 1.959000091552734e+02 3.122000122070312e+02 5.060000610351562e+02
dst volume info
valid = 1  # volume info valid
filename = /usr/local/freesurfer/subjects/3432/mri/norm.mgz
volume = 256 256 256
voxelsize = 1.000000000000000e+00 1.000000000000000e+00 1.000000000000000e+00
xras   = -1.000000000000000e+00 0.000000000000000e+00 0.000000000000000e+00
yras   = 0.000000000000000e+00 0.000000000000000e+00 -1.000000000000000e+00
zras   = 0.000000000000000e+00 1.000000000000000e+00 0.000000000000000e+00
cras   = 1.959000091552734e+02 3.122000122070312e+02 5.060000610351562e+02
