# transform file /usr/local/freesurfer/subjects/3377/mri/transforms/cc_up.lta
# created by ubuntu on Thu Jan  4 04:06:35 2018

type      = 0 # LINEAR_VOX_TO_VOX
nxforms   = 1
mean      = 129.0000 136.0000 105.0000
sigma     = 10000.0000
1 4 4
9.989966154098511e-01 -3.849991410970688e-02 2.288395352661610e-02 1.965646743774414e+00 
3.848981857299805e-02 9.992586374282837e-01 8.816839545033872e-04 5.056538105010986e+00 
-2.290093153715134e-02 0.000000000000000e+00 9.997377395629883e-01 4.297026824951172e+01 
0.000000000000000e+00 0.000000000000000e+00 0.000000000000000e+00 1.000000000000000e+00 
src volume info
valid = 1  # volume info valid
filename = /usr/local/freesurfer/subjects/3377/mri/norm.mgz
volume = 256 256 256
voxelsize = 1.000000000000000e+00 1.000000000000000e+00 1.000000000000000e+00
xras   = -1.000000000000000e+00 0.000000000000000e+00 0.000000000000000e+00
yras   = 0.000000000000000e+00 0.000000000000000e+00 -1.000000000000000e+00
zras   = 0.000000000000000e+00 1.000000000000000e+00 0.000000000000000e+00
cras   = 2.109914550781250e+02 2.902414550781250e+02 5.363082885742188e+02
dst volume info
valid = 1  # volume info valid
filename = /usr/local/freesurfer/subjects/3377/mri/norm.mgz
volume = 256 256 256
voxelsize = 1.000000000000000e+00 1.000000000000000e+00 1.000000000000000e+00
xras   = -1.000000000000000e+00 0.000000000000000e+00 0.000000000000000e+00
yras   = 0.000000000000000e+00 0.000000000000000e+00 -1.000000000000000e+00
zras   = 0.000000000000000e+00 1.000000000000000e+00 0.000000000000000e+00
cras   = 2.109914550781250e+02 2.902414550781250e+02 5.363082885742188e+02
