# transform file /usr/local/freesurfer/subjects/3514/mri/transforms/cc_up.lta
# created by ubuntu on Tue Jan  9 03:37:10 2018

type      = 0 # LINEAR_VOX_TO_VOX
nxforms   = 1
mean      = 128.0000 105.0000 109.0000
sigma     = 10000.0000
1 4 4
9.995446801185608e-01 -5.818920210003853e-03 2.961008995771408e-02 -3.390193700790405e+00 
5.816368851810694e-03 9.999831318855286e-01 1.723016612231731e-04 3.923395538330078e+01 
-2.961059100925922e-02 0.000000000000000e+00 9.995616078376770e-01 3.186360931396484e+01 
0.000000000000000e+00 0.000000000000000e+00 0.000000000000000e+00 1.000000000000000e+00 
src volume info
valid = 1  # volume info valid
filename = /usr/local/freesurfer/subjects/3514/mri/norm.mgz
volume = 256 256 256
voxelsize = 1.000000000000000e+00 1.000000000000000e+00 1.000000000000000e+00
xras   = -1.000000000000000e+00 0.000000000000000e+00 0.000000000000000e+00
yras   = 0.000000000000000e+00 0.000000000000000e+00 -1.000000000000000e+00
zras   = 0.000000000000000e+00 1.000000000000000e+00 0.000000000000000e+00
cras   = 2.230691223144531e+02 3.290388488769531e+02 5.576009521484375e+02
dst volume info
valid = 1  # volume info valid
filename = /usr/local/freesurfer/subjects/3514/mri/norm.mgz
volume = 256 256 256
voxelsize = 1.000000000000000e+00 1.000000000000000e+00 1.000000000000000e+00
xras   = -1.000000000000000e+00 0.000000000000000e+00 0.000000000000000e+00
yras   = 0.000000000000000e+00 0.000000000000000e+00 -1.000000000000000e+00
zras   = 0.000000000000000e+00 1.000000000000000e+00 0.000000000000000e+00
cras   = 2.230691223144531e+02 3.290388488769531e+02 5.576009521484375e+02
