# transform file transforms/talairach_with_skull.lta
# created by ubuntu on Mon Jan  8 20:02:31 2018

type      = 0 # LINEAR_VOX_TO_VOX
nxforms   = 1
mean      = 126.0000 136.0000 129.0000
sigma     = 10000.0000
1 4 4
1.068619847297668e+00 2.696410752832890e-02 3.483223170042038e-02 -1.843664932250977e+01 
-3.528905287384987e-02 1.073749423027039e+00 4.044791460037231e-01 -2.090009689331055e+01 
-2.715434320271015e-02 -3.655006885528564e-01 9.266368746757507e-01 4.918098068237305e+01 
0.000000000000000e+00 0.000000000000000e+00 0.000000000000000e+00 1.000000000000000e+00 
src volume info
valid = 1  # volume info valid
filename = nu.mgz
volume = 256 256 256
voxelsize = 1.000000000000000e+00 1.000000000000000e+00 1.000000000000000e+00
xras   = -1.000000000000000e+00 0.000000000000000e+00 0.000000000000000e+00
yras   = 0.000000000000000e+00 0.000000000000000e+00 -1.000000000000000e+00
zras   = 0.000000000000000e+00 1.000000000000000e+00 0.000000000000000e+00
cras   = 2.230691223144531e+02 3.290388488769531e+02 5.576009521484375e+02
dst volume info
valid = 1  # volume info valid
filename = /usr/local/freesurfer/average/RB_all_withskull_2016-05-10.vc700.gca
volume = 256 256 256
voxelsize = 1.000000000000000e+00 1.000000000000000e+00 1.000000000000000e+00
xras   = -1.000000000000000e+00 0.000000000000000e+00 0.000000000000000e+00
yras   = 0.000000000000000e+00 0.000000000000000e+00 -1.000000000000000e+00
zras   = 0.000000000000000e+00 1.000000000000000e+00 0.000000000000000e+00
cras   = 0.000000000000000e+00 0.000000000000000e+00 0.000000000000000e+00
