# transform file /usr/local/freesurfer/subjects/4032/mri/transforms/cc_up.lta
# created by ubuntu on Fri Jan 19 14:58:46 2018

type      = 0 # LINEAR_VOX_TO_VOX
nxforms   = 1
mean      = 131.0000 138.0000 113.0000
sigma     = 10000.0000
1 4 4
9.968048334121704e-01 4.679316282272339e-02 -6.473438441753387e-02 -9.772056937217712e-01 
-4.669480025768280e-02 9.989046454429626e-01 3.032448468729854e-03 1.591246223449707e+01 
6.480536609888077e-02 0.000000000000000e+00 9.978979229927063e-01 2.176732826232910e+01 
0.000000000000000e+00 0.000000000000000e+00 0.000000000000000e+00 1.000000000000000e+00 
src volume info
valid = 1  # volume info valid
filename = /usr/local/freesurfer/subjects/4032/mri/norm.mgz
volume = 256 256 256
voxelsize = 1.000000000000000e+00 1.000000000000000e+00 1.000000000000000e+00
xras   = -1.000000000000000e+00 0.000000000000000e+00 0.000000000000000e+00
yras   = 0.000000000000000e+00 0.000000000000000e+00 -1.000000000000000e+00
zras   = 0.000000000000000e+00 1.000000000000000e+00 0.000000000000000e+00
cras   = 2.010000000000000e+02 2.695000000000000e+02 5.250000000000000e+02
dst volume info
valid = 1  # volume info valid
filename = /usr/local/freesurfer/subjects/4032/mri/norm.mgz
volume = 256 256 256
voxelsize = 1.000000000000000e+00 1.000000000000000e+00 1.000000000000000e+00
xras   = -1.000000000000000e+00 0.000000000000000e+00 0.000000000000000e+00
yras   = 0.000000000000000e+00 0.000000000000000e+00 -1.000000000000000e+00
zras   = 0.000000000000000e+00 1.000000000000000e+00 0.000000000000000e+00
cras   = 2.010000000000000e+02 2.695000000000000e+02 5.250000000000000e+02
