# transform file /usr/local/freesurfer/subjects/3764/mri/transforms/cc_up.lta
# created by ubuntu on Thu Jan 11 11:37:06 2018

type      = 0 # LINEAR_VOX_TO_VOX
nxforms   = 1
mean      = 128.0000 128.0000 132.0000
sigma     = 10000.0000
1 4 4
9.998062849044800e-01 9.125770069658756e-03 -1.743844337761402e-02 5.231738463044167e-02 
-9.124382399022579e-03 9.999583363533020e-01 1.591458567418158e-04 1.816304397583008e+01 
1.743916980922222e-02 0.000000000000000e+00 9.998478889465332e-01 8.768138885498047e+00 
0.000000000000000e+00 0.000000000000000e+00 0.000000000000000e+00 1.000000000000000e+00 
src volume info
valid = 1  # volume info valid
filename = /usr/local/freesurfer/subjects/3764/mri/norm.mgz
volume = 256 256 256
voxelsize = 1.000000000000000e+00 1.000000000000000e+00 1.000000000000000e+00
xras   = -1.000000000000000e+00 0.000000000000000e+00 0.000000000000000e+00
yras   = 0.000000000000000e+00 0.000000000000000e+00 -1.000000000000000e+00
zras   = 0.000000000000000e+00 1.000000000000000e+00 0.000000000000000e+00
cras   = 2.378184814453125e+02 2.820377807617188e+02 4.825433349609375e+02
dst volume info
valid = 1  # volume info valid
filename = /usr/local/freesurfer/subjects/3764/mri/norm.mgz
volume = 256 256 256
voxelsize = 1.000000000000000e+00 1.000000000000000e+00 1.000000000000000e+00
xras   = -1.000000000000000e+00 0.000000000000000e+00 0.000000000000000e+00
yras   = 0.000000000000000e+00 0.000000000000000e+00 -1.000000000000000e+00
zras   = 0.000000000000000e+00 1.000000000000000e+00 0.000000000000000e+00
cras   = 2.378184814453125e+02 2.820377807617188e+02 4.825433349609375e+02
