# transform file /usr/local/freesurfer/subjects/3433/mri/transforms/cc_up.lta
# created by ubuntu on Fri Jan  5 02:51:07 2018

type      = 0 # LINEAR_VOX_TO_VOX
nxforms   = 1
mean      = 129.0000 120.0000 104.0000
sigma     = 10000.0000
1 4 4
9.996824264526367e-01 -7.686416618525982e-03 -2.399901300668716e-02 1.899400234222412e+00 
7.684202864766121e-03 9.999704957008362e-01 -1.844718644861132e-04 3.302792739868164e+01 
2.399972081184387e-02 0.000000000000000e+00 9.997119307518005e-01 3.592966842651367e+01 
0.000000000000000e+00 0.000000000000000e+00 0.000000000000000e+00 1.000000000000000e+00 
src volume info
valid = 1  # volume info valid
filename = /usr/local/freesurfer/subjects/3433/mri/norm.mgz
volume = 256 256 256
voxelsize = 1.000000000000000e+00 1.000000000000000e+00 1.000000000000000e+00
xras   = -1.000000000000000e+00 0.000000000000000e+00 0.000000000000000e+00
yras   = 0.000000000000000e+00 0.000000000000000e+00 -1.000000000000000e+00
zras   = 0.000000000000000e+00 1.000000000000000e+00 0.000000000000000e+00
cras   = 1.562627105712891e+02 3.160180053710938e+02 5.261170654296875e+02
dst volume info
valid = 1  # volume info valid
filename = /usr/local/freesurfer/subjects/3433/mri/norm.mgz
volume = 256 256 256
voxelsize = 1.000000000000000e+00 1.000000000000000e+00 1.000000000000000e+00
xras   = -1.000000000000000e+00 0.000000000000000e+00 0.000000000000000e+00
yras   = 0.000000000000000e+00 0.000000000000000e+00 -1.000000000000000e+00
zras   = 0.000000000000000e+00 1.000000000000000e+00 0.000000000000000e+00
cras   = 1.562627105712891e+02 3.160180053710938e+02 5.261170654296875e+02
