# transform file /usr/local/freesurfer/subjects/4070/mri/transforms/cc_up.lta
# created by ubuntu on Tue Jan 16 04:28:09 2018

type      = 0 # LINEAR_VOX_TO_VOX
nxforms   = 1
mean      = 128.0000 119.0000 121.0000
sigma     = 10000.0000
1 4 4
9.999663233757019e-01 5.717685911804438e-03 5.891991779208183e-03 -2.421091556549072e+00 
-5.717586725950241e-03 9.999836683273315e-01 -3.368910984136164e-05 1.974393463134766e+01 
-5.892088171094656e-03 0.000000000000000e+00 9.999826550483704e-01 3.076311492919922e+01 
0.000000000000000e+00 0.000000000000000e+00 0.000000000000000e+00 1.000000000000000e+00 
src volume info
valid = 1  # volume info valid
filename = /usr/local/freesurfer/subjects/4070/mri/norm.mgz
volume = 256 256 256
voxelsize = 1.000000000000000e+00 1.000000000000000e+00 1.000000000000000e+00
xras   = -1.000000000000000e+00 0.000000000000000e+00 0.000000000000000e+00
yras   = 0.000000000000000e+00 0.000000000000000e+00 -9.999999403953552e-01
zras   = 0.000000000000000e+00 9.999999403953552e-01 0.000000000000000e+00
cras   = 2.079708251953125e+02 2.922414245605469e+02 4.883902282714844e+02
dst volume info
valid = 1  # volume info valid
filename = /usr/local/freesurfer/subjects/4070/mri/norm.mgz
volume = 256 256 256
voxelsize = 1.000000000000000e+00 1.000000000000000e+00 1.000000000000000e+00
xras   = -1.000000000000000e+00 0.000000000000000e+00 0.000000000000000e+00
yras   = 0.000000000000000e+00 0.000000000000000e+00 -9.999999403953552e-01
zras   = 0.000000000000000e+00 9.999999403953552e-01 0.000000000000000e+00
cras   = 2.079708251953125e+02 2.922414245605469e+02 4.883902282714844e+02
