# transform file /usr/local/freesurfer/subjects/3868/mri/transforms/cc_up.lta
# created by ubuntu on Sun Jan 14 08:15:11 2018

type      = 0 # LINEAR_VOX_TO_VOX
nxforms   = 1
mean      = 131.0000 106.0000 114.0000
sigma     = 10000.0000
1 4 4
9.991447925567627e-01 -3.779515996575356e-02 1.676539331674576e-02 3.592229366302490e+00 
3.778984025120735e-02 9.992854595184326e-01 6.341038970276713e-04 2.718815994262695e+01 
-1.677738130092621e-02 -5.820765397457350e-11 9.998591542243958e-01 2.515195846557617e+01 
0.000000000000000e+00 0.000000000000000e+00 0.000000000000000e+00 1.000000000000000e+00 
src volume info
valid = 1  # volume info valid
filename = /usr/local/freesurfer/subjects/3868/mri/norm.mgz
volume = 256 256 256
voxelsize = 1.000000000000000e+00 1.000000000000000e+00 1.000000000000000e+00
xras   = -1.000000000000000e+00 0.000000000000000e+00 0.000000000000000e+00
yras   = 0.000000000000000e+00 0.000000000000000e+00 -1.000000000000000e+00
zras   = 0.000000000000000e+00 1.000000000000000e+00 0.000000000000000e+00
cras   = 2.100171508789062e+02 2.597258300781250e+02 4.921721191406250e+02
dst volume info
valid = 1  # volume info valid
filename = /usr/local/freesurfer/subjects/3868/mri/norm.mgz
volume = 256 256 256
voxelsize = 1.000000000000000e+00 1.000000000000000e+00 1.000000000000000e+00
xras   = -1.000000000000000e+00 0.000000000000000e+00 0.000000000000000e+00
yras   = 0.000000000000000e+00 0.000000000000000e+00 -1.000000000000000e+00
zras   = 0.000000000000000e+00 1.000000000000000e+00 0.000000000000000e+00
cras   = 2.100171508789062e+02 2.597258300781250e+02 4.921721191406250e+02
