# transform file /usr/local/freesurfer/subjects/3376/mri/transforms/cc_up.lta
# created by ubuntu on Thu Jan  4 03:40:48 2018

type      = 0 # LINEAR_VOX_TO_VOX
nxforms   = 1
mean      = 126.0000 139.0000 110.0000
sigma     = 10000.0000
1 4 4
9.999815225601196e-01 -1.502330764196813e-03 -5.887391977012157e-03 2.714228153228760e+00 
1.502304803580046e-03 9.999988675117493e-01 -8.844820513331797e-06 -1.189869880676270e+00 
5.887398961931467e-03 0.000000000000000e+00 9.999826550483704e-01 3.925382614135742e+01 
0.000000000000000e+00 0.000000000000000e+00 0.000000000000000e+00 1.000000000000000e+00 
src volume info
valid = 1  # volume info valid
filename = /usr/local/freesurfer/subjects/3376/mri/norm.mgz
volume = 256 256 256
voxelsize = 1.000000000000000e+00 1.000000000000000e+00 1.000000000000000e+00
xras   = -1.000000000000000e+00 0.000000000000000e+00 0.000000000000000e+00
yras   = 0.000000000000000e+00 0.000000000000000e+00 -1.000000000000000e+00
zras   = 0.000000000000000e+00 1.000000000000000e+00 0.000000000000000e+00
cras   = 2.342702026367188e+02 3.012234497070312e+02 5.260985717773438e+02
dst volume info
valid = 1  # volume info valid
filename = /usr/local/freesurfer/subjects/3376/mri/norm.mgz
volume = 256 256 256
voxelsize = 1.000000000000000e+00 1.000000000000000e+00 1.000000000000000e+00
xras   = -1.000000000000000e+00 0.000000000000000e+00 0.000000000000000e+00
yras   = 0.000000000000000e+00 0.000000000000000e+00 -1.000000000000000e+00
zras   = 0.000000000000000e+00 1.000000000000000e+00 0.000000000000000e+00
cras   = 2.342702026367188e+02 3.012234497070312e+02 5.260985717773438e+02
