# transform file /usr/local/freesurfer/subjects/3617/mri/transforms/cc_up.lta
# created by ubuntu on Wed Jan 10 11:40:25 2018

type      = 0 # LINEAR_VOX_TO_VOX
nxforms   = 1
mean      = 129.0000 114.0000 126.0000
sigma     = 10000.0000
1 4 4
9.928926825523376e-01 -1.018359214067459e-01 6.159178540110588e-02 4.231752395629883e+00 
1.016405522823334e-01 9.948012232780457e-01 6.305034738034010e-03 1.681793785095215e+01 
-6.191366165876389e-02 4.656612873077393e-10 9.980815052986145e-01 2.412482833862305e+01 
0.000000000000000e+00 0.000000000000000e+00 0.000000000000000e+00 1.000000000000000e+00 
src volume info
valid = 1  # volume info valid
filename = /usr/local/freesurfer/subjects/3617/mri/norm.mgz
volume = 256 256 256
voxelsize = 1.000000000000000e+00 1.000000000000000e+00 1.000000000000000e+00
xras   = -1.000000000000000e+00 0.000000000000000e+00 0.000000000000000e+00
yras   = 0.000000000000000e+00 0.000000000000000e+00 -1.000000000000000e+00
zras   = 0.000000000000000e+00 1.000000000000000e+00 0.000000000000000e+00
cras   = 1.972615051269531e+02 3.091965942382812e+02 5.432310791015625e+02
dst volume info
valid = 1  # volume info valid
filename = /usr/local/freesurfer/subjects/3617/mri/norm.mgz
volume = 256 256 256
voxelsize = 1.000000000000000e+00 1.000000000000000e+00 1.000000000000000e+00
xras   = -1.000000000000000e+00 0.000000000000000e+00 0.000000000000000e+00
yras   = 0.000000000000000e+00 0.000000000000000e+00 -1.000000000000000e+00
zras   = 0.000000000000000e+00 1.000000000000000e+00 0.000000000000000e+00
cras   = 1.972615051269531e+02 3.091965942382812e+02 5.432310791015625e+02
