# transform file /usr/local/freesurfer/subjects/4065/mri/transforms/cc_up.lta
# created by ubuntu on Tue Jan 16 05:35:09 2018

type      = 0 # LINEAR_VOX_TO_VOX
nxforms   = 1
mean      = 129.0000 131.0000 110.0000
sigma     = 10000.0000
1 4 4
9.971721172332764e-01 6.755432486534119e-02 -3.292714059352875e-02 -4.469824314117432e+00 
-6.751752644777298e-02 9.977155923843384e-01 2.229463774710894e-03 2.471296310424805e+01 
3.300253301858902e-02 0.000000000000000e+00 9.994552731513977e-01 3.881983947753906e+01 
0.000000000000000e+00 0.000000000000000e+00 0.000000000000000e+00 1.000000000000000e+00 
src volume info
valid = 1  # volume info valid
filename = /usr/local/freesurfer/subjects/4065/mri/norm.mgz
volume = 256 256 256
voxelsize = 1.000000000000000e+00 1.000000000000000e+00 1.000000000000000e+00
xras   = -1.000000000000000e+00 0.000000000000000e+00 0.000000000000000e+00
yras   = 0.000000000000000e+00 0.000000000000000e+00 -1.000000000000000e+00
zras   = 0.000000000000000e+00 1.000000000000000e+00 0.000000000000000e+00
cras   = 2.063313293457031e+02 2.613706970214844e+02 4.978822021484375e+02
dst volume info
valid = 1  # volume info valid
filename = /usr/local/freesurfer/subjects/4065/mri/norm.mgz
volume = 256 256 256
voxelsize = 1.000000000000000e+00 1.000000000000000e+00 1.000000000000000e+00
xras   = -1.000000000000000e+00 0.000000000000000e+00 0.000000000000000e+00
yras   = 0.000000000000000e+00 0.000000000000000e+00 -1.000000000000000e+00
zras   = 0.000000000000000e+00 1.000000000000000e+00 0.000000000000000e+00
cras   = 2.063313293457031e+02 2.613706970214844e+02 4.978822021484375e+02
