# transform file /usr/local/freesurfer/subjects/3870/mri/transforms/cc_up.lta
# created by ubuntu on Sun Jan 14 07:55:14 2018

type      = 0 # LINEAR_VOX_TO_VOX
nxforms   = 1
mean      = 128.0000 99.0000 118.0000
sigma     = 10000.0000
1 4 4
9.998342394828796e-01 -1.178673002868891e-02 -1.388629712164402e-02 2.533340930938721e+00 
1.178559288382530e-02 9.999306201934814e-01 -1.636853703530505e-04 4.651551055908203e+01 
1.388726290315390e-02 0.000000000000000e+00 9.999037384986877e-01 1.323332595825195e+01 
0.000000000000000e+00 0.000000000000000e+00 0.000000000000000e+00 1.000000000000000e+00 
src volume info
valid = 1  # volume info valid
filename = /usr/local/freesurfer/subjects/3870/mri/norm.mgz
volume = 256 256 256
voxelsize = 1.000000000000000e+00 1.000000000000000e+00 1.000000000000000e+00
xras   = -1.000000000000000e+00 0.000000000000000e+00 0.000000000000000e+00
yras   = 0.000000000000000e+00 0.000000000000000e+00 -1.000000000000000e+00
zras   = 0.000000000000000e+00 1.000000000000000e+00 0.000000000000000e+00
cras   = 2.288547668457031e+02 2.799855957031250e+02 5.004310913085938e+02
dst volume info
valid = 1  # volume info valid
filename = /usr/local/freesurfer/subjects/3870/mri/norm.mgz
volume = 256 256 256
voxelsize = 1.000000000000000e+00 1.000000000000000e+00 1.000000000000000e+00
xras   = -1.000000000000000e+00 0.000000000000000e+00 0.000000000000000e+00
yras   = 0.000000000000000e+00 0.000000000000000e+00 -1.000000000000000e+00
zras   = 0.000000000000000e+00 1.000000000000000e+00 0.000000000000000e+00
cras   = 2.288547668457031e+02 2.799855957031250e+02 5.004310913085938e+02
