# transform file /usr/local/freesurfer/subjects/4121/mri/transforms/cc_up.lta
# created by ubuntu on Wed Jan 17 05:31:07 2018

type      = 0 # LINEAR_VOX_TO_VOX
nxforms   = 1
mean      = 129.0000 115.0000 116.0000
sigma     = 10000.0000
1 4 4
9.999575614929199e-01 -7.892647990956903e-04 -9.181033819913864e-03 7.436894625425339e-02 
7.892315043136477e-04 9.999997019767761e-01 -7.246268523886101e-06 2.989900207519531e+01 
9.181036613881588e-03 0.000000000000000e+00 9.999578595161438e-01 1.882019615173340e+01 
0.000000000000000e+00 0.000000000000000e+00 0.000000000000000e+00 1.000000000000000e+00 
src volume info
valid = 1  # volume info valid
filename = /usr/local/freesurfer/subjects/4121/mri/norm.mgz
volume = 256 256 256
voxelsize = 1.000000000000000e+00 1.000000000000000e+00 1.000000000000000e+00
xras   = -1.000000000000000e+00 0.000000000000000e+00 0.000000000000000e+00
yras   = 0.000000000000000e+00 0.000000000000000e+00 -9.999999403953552e-01
zras   = 0.000000000000000e+00 9.999999403953552e-01 0.000000000000000e+00
cras   = 2.032878723144531e+02 2.963389892578125e+02 4.965852966308594e+02
dst volume info
valid = 1  # volume info valid
filename = /usr/local/freesurfer/subjects/4121/mri/norm.mgz
volume = 256 256 256
voxelsize = 1.000000000000000e+00 1.000000000000000e+00 1.000000000000000e+00
xras   = -1.000000000000000e+00 0.000000000000000e+00 0.000000000000000e+00
yras   = 0.000000000000000e+00 0.000000000000000e+00 -9.999999403953552e-01
zras   = 0.000000000000000e+00 9.999999403953552e-01 0.000000000000000e+00
cras   = 2.032878723144531e+02 2.963389892578125e+02 4.965852966308594e+02
