# transform file /usr/local/freesurfer/subjects/3066/mri/transforms/cc_up.lta
# created by ubuntu on Sun Dec 31 23:35:18 2017

type      = 0 # LINEAR_VOX_TO_VOX
nxforms   = 1
mean      = 130.0000 119.0000 120.0000
sigma     = 10000.0000
1 4 4
9.993020892143250e-01 3.247396275401115e-02 -1.845491118729115e-02 -2.500647306442261e+00 
-3.246842697262764e-02 9.994724988937378e-01 5.996204563416541e-04 3.221982574462891e+01 
1.846464909613132e-02 -5.820765397457350e-11 9.998294115066528e-01 1.061058807373047e+01 
0.000000000000000e+00 0.000000000000000e+00 0.000000000000000e+00 1.000000000000000e+00 
src volume info
valid = 1  # volume info valid
filename = /usr/local/freesurfer/subjects/3066/mri/norm.mgz
volume = 256 256 256
voxelsize = 1.000000000000000e+00 1.000000000000000e+00 1.000000000000000e+00
xras   = -1.000000000000000e+00 0.000000000000000e+00 0.000000000000000e+00
yras   = 0.000000000000000e+00 0.000000000000000e+00 -1.000000000000000e+00
zras   = 0.000000000000000e+00 1.000000000000000e+00 0.000000000000000e+00
cras   = 2.250694885253906e+02 2.999910278320312e+02 5.155810546875000e+02
dst volume info
valid = 1  # volume info valid
filename = /usr/local/freesurfer/subjects/3066/mri/norm.mgz
volume = 256 256 256
voxelsize = 1.000000000000000e+00 1.000000000000000e+00 1.000000000000000e+00
xras   = -1.000000000000000e+00 0.000000000000000e+00 0.000000000000000e+00
yras   = 0.000000000000000e+00 0.000000000000000e+00 -1.000000000000000e+00
zras   = 0.000000000000000e+00 1.000000000000000e+00 0.000000000000000e+00
cras   = 2.250694885253906e+02 2.999910278320312e+02 5.155810546875000e+02
