# transform file /usr/local/freesurfer/subjects/3371/mri/transforms/cc_up.lta
# created by ubuntu on Thu Jan  4 10:25:22 2018

type      = 0 # LINEAR_VOX_TO_VOX
nxforms   = 1
mean      = 130.0000 142.0000 109.0000
sigma     = 10000.0000
1 4 4
9.992960691452026e-01 1.977105438709259e-02 3.188033029437065e-02 -6.716597557067871e+00 
-1.976100169122219e-02 9.998044967651367e-01 -6.304310518316925e-04 -1.034377861022949e+01 
-3.188656270503998e-02 0.000000000000000e+00 9.994914531707764e-01 6.120551300048828e+01 
0.000000000000000e+00 0.000000000000000e+00 0.000000000000000e+00 1.000000000000000e+00 
src volume info
valid = 1  # volume info valid
filename = /usr/local/freesurfer/subjects/3371/mri/norm.mgz
volume = 256 256 256
voxelsize = 1.000000000000000e+00 1.000000000000000e+00 1.000000000000000e+00
xras   = -1.000000000000000e+00 0.000000000000000e+00 0.000000000000000e+00
yras   = 0.000000000000000e+00 0.000000000000000e+00 -1.000000000000000e+00
zras   = 0.000000000000000e+00 1.000000000000000e+00 0.000000000000000e+00
cras   = 2.099023132324219e+02 2.895491333007812e+02 5.210968017578125e+02
dst volume info
valid = 1  # volume info valid
filename = /usr/local/freesurfer/subjects/3371/mri/norm.mgz
volume = 256 256 256
voxelsize = 1.000000000000000e+00 1.000000000000000e+00 1.000000000000000e+00
xras   = -1.000000000000000e+00 0.000000000000000e+00 0.000000000000000e+00
yras   = 0.000000000000000e+00 0.000000000000000e+00 -1.000000000000000e+00
zras   = 0.000000000000000e+00 1.000000000000000e+00 0.000000000000000e+00
cras   = 2.099023132324219e+02 2.895491333007812e+02 5.210968017578125e+02
