# transform file /usr/local/freesurfer/subjects/3062/mri/transforms/cc_up.lta
# created by ubuntu on Mon Jan  1 00:14:52 2018

type      = 0 # LINEAR_VOX_TO_VOX
nxforms   = 1
mean      = 128.0000 115.0000 120.0000
sigma     = 10000.0000
1 4 4
9.999582171440125e-01 -5.964302923530340e-03 6.927288137376308e-03 -1.098100423812866e+00 
5.964159965515137e-03 9.999821782112122e-01 4.131718014832586e-05 3.122830581665039e+01 
-6.927411537617445e-03 3.637978807091713e-12 9.999760389328003e-01 1.489557456970215e+01 
0.000000000000000e+00 0.000000000000000e+00 0.000000000000000e+00 1.000000000000000e+00 
src volume info
valid = 1  # volume info valid
filename = /usr/local/freesurfer/subjects/3062/mri/norm.mgz
volume = 256 256 256
voxelsize = 1.000000000000000e+00 1.000000000000000e+00 1.000000000000000e+00
xras   = -1.000000000000000e+00 0.000000000000000e+00 0.000000000000000e+00
yras   = 0.000000000000000e+00 0.000000000000000e+00 -1.000000000000000e+00
zras   = 0.000000000000000e+00 1.000000000000000e+00 0.000000000000000e+00
cras   = 1.904243927001953e+02 2.955655517578125e+02 5.154605712890625e+02
dst volume info
valid = 1  # volume info valid
filename = /usr/local/freesurfer/subjects/3062/mri/norm.mgz
volume = 256 256 256
voxelsize = 1.000000000000000e+00 1.000000000000000e+00 1.000000000000000e+00
xras   = -1.000000000000000e+00 0.000000000000000e+00 0.000000000000000e+00
yras   = 0.000000000000000e+00 0.000000000000000e+00 -1.000000000000000e+00
zras   = 0.000000000000000e+00 1.000000000000000e+00 0.000000000000000e+00
cras   = 1.904243927001953e+02 2.955655517578125e+02 5.154605712890625e+02
