# transform file /usr/local/freesurfer/subjects/3752/mri/transforms/cc_up.lta
# created by ubuntu on Thu Jan 18 10:19:19 2018

type      = 0 # LINEAR_VOX_TO_VOX
nxforms   = 1
mean      = 127.0000 116.0000 123.0000
sigma     = 10000.0000
1 4 4
9.974668025970459e-01 6.802231818437576e-02 2.080619521439075e-02 -8.190003395080566e+00 
-6.800752133131027e-02 9.976837635040283e-01 -1.418571220710874e-03 3.304402160644531e+01 
-2.085449919104576e-02 0.000000000000000e+00 9.997825026512146e-01 3.167794609069824e+01 
0.000000000000000e+00 0.000000000000000e+00 0.000000000000000e+00 1.000000000000000e+00 
src volume info
valid = 1  # volume info valid
filename = /usr/local/freesurfer/subjects/3752/mri/norm.mgz
volume = 256 256 256
voxelsize = 1.000000000000000e+00 1.000000000000000e+00 1.000000000000000e+00
xras   = -1.000000000000000e+00 0.000000000000000e+00 0.000000000000000e+00
yras   = 0.000000000000000e+00 0.000000000000000e+00 -1.000000000000000e+00
zras   = 0.000000000000000e+00 1.000000000000000e+00 0.000000000000000e+00
cras   = 2.152780761718750e+02 2.840619201660156e+02 5.265686035156250e+02
dst volume info
valid = 1  # volume info valid
filename = /usr/local/freesurfer/subjects/3752/mri/norm.mgz
volume = 256 256 256
voxelsize = 1.000000000000000e+00 1.000000000000000e+00 1.000000000000000e+00
xras   = -1.000000000000000e+00 0.000000000000000e+00 0.000000000000000e+00
yras   = 0.000000000000000e+00 0.000000000000000e+00 -1.000000000000000e+00
zras   = 0.000000000000000e+00 1.000000000000000e+00 0.000000000000000e+00
cras   = 2.152780761718750e+02 2.840619201660156e+02 5.265686035156250e+02
