# transform file /usr/local/freesurfer/subjects/3767/mri/transforms/cc_up.lta
# created by ubuntu on Thu Jan 11 11:13:38 2018

type      = 0 # LINEAR_VOX_TO_VOX
nxforms   = 1
mean      = 126.0000 109.0000 127.0000
sigma     = 10000.0000
1 4 4
9.993177652359009e-01 2.817369811236858e-02 -2.388388663530350e-02 3.263839483261108e+00 
-2.816565521061420e-02 9.996030926704407e-01 6.731644971296191e-04 3.947914123535156e+01 
2.389337122440338e-02 0.000000000000000e+00 9.997146129608154e-01 9.046445846557617e+00 
0.000000000000000e+00 0.000000000000000e+00 0.000000000000000e+00 1.000000000000000e+00 
src volume info
valid = 1  # volume info valid
filename = /usr/local/freesurfer/subjects/3767/mri/norm.mgz
volume = 256 256 256
voxelsize = 1.000000000000000e+00 1.000000000000000e+00 1.000000000000000e+00
xras   = -1.000000000000000e+00 0.000000000000000e+00 0.000000000000000e+00
yras   = 0.000000000000000e+00 0.000000000000000e+00 -1.000000000000000e+00
zras   = 0.000000000000000e+00 1.000000000000000e+00 0.000000000000000e+00
cras   = 2.200043334960938e+02 2.760265502929688e+02 5.194947509765625e+02
dst volume info
valid = 1  # volume info valid
filename = /usr/local/freesurfer/subjects/3767/mri/norm.mgz
volume = 256 256 256
voxelsize = 1.000000000000000e+00 1.000000000000000e+00 1.000000000000000e+00
xras   = -1.000000000000000e+00 0.000000000000000e+00 0.000000000000000e+00
yras   = 0.000000000000000e+00 0.000000000000000e+00 -1.000000000000000e+00
zras   = 0.000000000000000e+00 1.000000000000000e+00 0.000000000000000e+00
cras   = 2.200043334960938e+02 2.760265502929688e+02 5.194947509765625e+02
