# transform file /usr/local/freesurfer/subjects/3866/mri/transforms/cc_up.lta
# created by ubuntu on Sun Jan 14 07:25:56 2018

type      = 0 # LINEAR_VOX_TO_VOX
nxforms   = 1
mean      = 129.0000 91.0000 109.0000
sigma     = 10000.0000
1 4 4
9.956019520759583e-01 4.140909016132355e-02 8.403598517179489e-02 -1.177507019042969e+01 
-4.126236215233803e-02 9.991422295570374e-01 -3.482841188088059e-03 6.073026657104492e+01 
-8.410812914371490e-02 2.328306436538696e-10 9.964566230773926e-01 4.020074462890625e+01 
0.000000000000000e+00 0.000000000000000e+00 0.000000000000000e+00 1.000000000000000e+00 
src volume info
valid = 1  # volume info valid
filename = /usr/local/freesurfer/subjects/3866/mri/norm.mgz
volume = 256 256 256
voxelsize = 1.000000000000000e+00 1.000000000000000e+00 1.000000000000000e+00
xras   = -1.000000000000000e+00 0.000000000000000e+00 0.000000000000000e+00
yras   = 0.000000000000000e+00 0.000000000000000e+00 -1.000000000000000e+00
zras   = 0.000000000000000e+00 1.000000000000000e+00 0.000000000000000e+00
cras   = 1.951119079589844e+02 2.674061889648438e+02 4.996623535156250e+02
dst volume info
valid = 1  # volume info valid
filename = /usr/local/freesurfer/subjects/3866/mri/norm.mgz
volume = 256 256 256
voxelsize = 1.000000000000000e+00 1.000000000000000e+00 1.000000000000000e+00
xras   = -1.000000000000000e+00 0.000000000000000e+00 0.000000000000000e+00
yras   = 0.000000000000000e+00 0.000000000000000e+00 -1.000000000000000e+00
zras   = 0.000000000000000e+00 1.000000000000000e+00 0.000000000000000e+00
cras   = 1.951119079589844e+02 2.674061889648438e+02 4.996623535156250e+02
