# transform file /usr/local/freesurfer/subjects/3812/mri/transforms/cc_up.lta
# created by ubuntu on Fri Jan 12 10:15:31 2018

type      = 0 # LINEAR_VOX_TO_VOX
nxforms   = 1
mean      = 130.0000 96.0000 111.0000
sigma     = 10000.0000
1 4 4
9.988840818405151e-01 1.893974095582962e-02 4.326571151614189e-02 -7.221581459045410e+00 
-1.892199926078320e-02 9.998206496238708e-01 -8.195883128792048e-04 5.754843521118164e+01 
-4.327347502112389e-02 -5.820766091346741e-11 9.990633130073547e-01 2.769876098632812e+01 
0.000000000000000e+00 0.000000000000000e+00 0.000000000000000e+00 1.000000000000000e+00 
src volume info
valid = 1  # volume info valid
filename = /usr/local/freesurfer/subjects/3812/mri/norm.mgz
volume = 256 256 256
voxelsize = 1.000000000000000e+00 1.000000000000000e+00 1.000000000000000e+00
xras   = -1.000000000000000e+00 0.000000000000000e+00 0.000000000000000e+00
yras   = 0.000000000000000e+00 0.000000000000000e+00 -1.000000000000000e+00
zras   = 0.000000000000000e+00 1.000000000000000e+00 0.000000000000000e+00
cras   = 2.010667724609375e+02 2.847768859863281e+02 5.196737060546875e+02
dst volume info
valid = 1  # volume info valid
filename = /usr/local/freesurfer/subjects/3812/mri/norm.mgz
volume = 256 256 256
voxelsize = 1.000000000000000e+00 1.000000000000000e+00 1.000000000000000e+00
xras   = -1.000000000000000e+00 0.000000000000000e+00 0.000000000000000e+00
yras   = 0.000000000000000e+00 0.000000000000000e+00 -1.000000000000000e+00
zras   = 0.000000000000000e+00 1.000000000000000e+00 0.000000000000000e+00
cras   = 2.010667724609375e+02 2.847768859863281e+02 5.196737060546875e+02
