# transform file /usr/local/freesurfer/subjects/3863/mri/transforms/cc_up.lta
# created by ubuntu on Sun Jan 14 08:15:28 2018

type      = 0 # LINEAR_VOX_TO_VOX
nxforms   = 1
mean      = 129.0000 129.0000 113.0000
sigma     = 10000.0000
1 4 4
9.966305494308472e-01 7.250929623842239e-02 -3.834002837538719e-02 -4.414162158966064e+00 
-7.245570421218872e-02 9.973677396774292e-01 2.787345787510276e-03 2.132044792175293e+01 
3.844121471047401e-02 0.000000000000000e+00 9.992609024047852e-01 3.014826393127441e+01 
0.000000000000000e+00 0.000000000000000e+00 0.000000000000000e+00 1.000000000000000e+00 
src volume info
valid = 1  # volume info valid
filename = /usr/local/freesurfer/subjects/3863/mri/norm.mgz
volume = 256 256 256
voxelsize = 1.000000000000000e+00 1.000000000000000e+00 1.000000000000000e+00
xras   = -1.000000000000000e+00 0.000000000000000e+00 0.000000000000000e+00
yras   = 0.000000000000000e+00 0.000000000000000e+00 -1.000000000000000e+00
zras   = 0.000000000000000e+00 1.000000000000000e+00 0.000000000000000e+00
cras   = 2.076737670898438e+02 2.767707519531250e+02 5.011015014648438e+02
dst volume info
valid = 1  # volume info valid
filename = /usr/local/freesurfer/subjects/3863/mri/norm.mgz
volume = 256 256 256
voxelsize = 1.000000000000000e+00 1.000000000000000e+00 1.000000000000000e+00
xras   = -1.000000000000000e+00 0.000000000000000e+00 0.000000000000000e+00
yras   = 0.000000000000000e+00 0.000000000000000e+00 -1.000000000000000e+00
zras   = 0.000000000000000e+00 1.000000000000000e+00 0.000000000000000e+00
cras   = 2.076737670898438e+02 2.767707519531250e+02 5.011015014648438e+02
