# transform file /usr/local/freesurfer/subjects/3825/mri/transforms/cc_up.lta
# created by ubuntu on Sat Jan 13 02:33:22 2018

type      = 0 # LINEAR_VOX_TO_VOX
nxforms   = 1
mean      = 129.0000 98.0000 111.0000
sigma     = 10000.0000
1 4 4
9.993044137954712e-01 3.486217558383942e-02 1.324160303920507e-02 -3.410593509674072e+00 
-3.485911712050438e-02 9.993921518325806e-01 -4.619119281414896e-04 4.856783294677734e+01 
-1.324965804815292e-02 2.910383045673370e-11 9.999122619628906e-01 3.970888137817383e+01 
0.000000000000000e+00 0.000000000000000e+00 0.000000000000000e+00 1.000000000000000e+00 
src volume info
valid = 1  # volume info valid
filename = /usr/local/freesurfer/subjects/3825/mri/norm.mgz
volume = 256 256 256
voxelsize = 1.000000000000000e+00 1.000000000000000e+00 1.000000000000000e+00
xras   = -1.000000000000000e+00 0.000000000000000e+00 0.000000000000000e+00
yras   = 0.000000000000000e+00 0.000000000000000e+00 -1.000000000000000e+00
zras   = 0.000000000000000e+00 1.000000000000000e+00 0.000000000000000e+00
cras   = 2.185518188476562e+02 2.746809692382812e+02 5.174118041992188e+02
dst volume info
valid = 1  # volume info valid
filename = /usr/local/freesurfer/subjects/3825/mri/norm.mgz
volume = 256 256 256
voxelsize = 1.000000000000000e+00 1.000000000000000e+00 1.000000000000000e+00
xras   = -1.000000000000000e+00 0.000000000000000e+00 0.000000000000000e+00
yras   = 0.000000000000000e+00 0.000000000000000e+00 -1.000000000000000e+00
zras   = 0.000000000000000e+00 1.000000000000000e+00 0.000000000000000e+00
cras   = 2.185518188476562e+02 2.746809692382812e+02 5.174118041992188e+02
