# transform file /usr/local/freesurfer/subjects/3507/mri/transforms/cc_up.lta
# created by ubuntu on Tue Jan  9 02:56:38 2018

type      = 0 # LINEAR_VOX_TO_VOX
nxforms   = 1
mean      = 129.0000 136.0000 114.0000
sigma     = 10000.0000
1 4 4
9.995982050895691e-01 -2.737727575004101e-02 7.350511848926544e-03 3.958583593368530e+00 
2.737653627991676e-02 9.996252059936523e-01 2.013124321820214e-04 7.531552314758301e+00 
-7.353268098086119e-03 0.000000000000000e+00 9.999729990959167e-01 2.994071197509766e+01 
0.000000000000000e+00 0.000000000000000e+00 0.000000000000000e+00 1.000000000000000e+00 
src volume info
valid = 1  # volume info valid
filename = /usr/local/freesurfer/subjects/3507/mri/norm.mgz
volume = 256 256 256
voxelsize = 1.000000000000000e+00 1.000000000000000e+00 1.000000000000000e+00
xras   = -1.000000000000000e+00 0.000000000000000e+00 0.000000000000000e+00
yras   = 0.000000000000000e+00 0.000000000000000e+00 -1.000000000000000e+00
zras   = 0.000000000000000e+00 1.000000000000000e+00 0.000000000000000e+00
cras   = 2.639210815429688e+02 3.057174987792969e+02 5.600462036132812e+02
dst volume info
valid = 1  # volume info valid
filename = /usr/local/freesurfer/subjects/3507/mri/norm.mgz
volume = 256 256 256
voxelsize = 1.000000000000000e+00 1.000000000000000e+00 1.000000000000000e+00
xras   = -1.000000000000000e+00 0.000000000000000e+00 0.000000000000000e+00
yras   = 0.000000000000000e+00 0.000000000000000e+00 -1.000000000000000e+00
zras   = 0.000000000000000e+00 1.000000000000000e+00 0.000000000000000e+00
cras   = 2.639210815429688e+02 3.057174987792969e+02 5.600462036132812e+02
