# transform file /usr/local/freesurfer/subjects/3431/mri/transforms/cc_up.lta
# created by ubuntu on Fri Jan  5 03:03:21 2018

type      = 0 # LINEAR_VOX_TO_VOX
nxforms   = 1
mean      = 128.0000 117.0000 113.0000
sigma     = 10000.0000
1 4 4
9.997725486755371e-01 -1.157158147543669e-02 1.791444048285484e-02 6.869749724864960e-02 
1.156972441822290e-02 9.999330639839172e-01 2.073122886940837e-04 3.851364135742188e+01 
-1.791564002633095e-02 0.000000000000000e+00 9.998394846916199e-01 2.829436683654785e+01 
0.000000000000000e+00 0.000000000000000e+00 0.000000000000000e+00 1.000000000000000e+00 
src volume info
valid = 1  # volume info valid
filename = /usr/local/freesurfer/subjects/3431/mri/norm.mgz
volume = 256 256 256
voxelsize = 1.000000000000000e+00 1.000000000000000e+00 1.000000000000000e+00
xras   = -1.000000000000000e+00 0.000000000000000e+00 0.000000000000000e+00
yras   = 0.000000000000000e+00 0.000000000000000e+00 -1.000000000000000e+00
zras   = 0.000000000000000e+00 1.000000000000000e+00 0.000000000000000e+00
cras   = 2.134624633789062e+02 5.537877807617188e+02 7.998574218750000e+02
dst volume info
valid = 1  # volume info valid
filename = /usr/local/freesurfer/subjects/3431/mri/norm.mgz
volume = 256 256 256
voxelsize = 1.000000000000000e+00 1.000000000000000e+00 1.000000000000000e+00
xras   = -1.000000000000000e+00 0.000000000000000e+00 0.000000000000000e+00
yras   = 0.000000000000000e+00 0.000000000000000e+00 -1.000000000000000e+00
zras   = 0.000000000000000e+00 1.000000000000000e+00 0.000000000000000e+00
cras   = 2.134624633789062e+02 5.537877807617188e+02 7.998574218750000e+02
