# transform file transforms/talairach_with_skull.lta
# created by ubuntu on Thu Jan  4 18:58:43 2018

type      = 0 # LINEAR_VOX_TO_VOX
nxforms   = 1
mean      = 128.0000 144.0000 127.0000
sigma     = 10000.0000
1 4 4
1.066164731979370e+00 -1.890990696847439e-02 -3.320032730698586e-02 -4.583447933197021e+00 
4.787997901439667e-02 1.187882781028748e+00 2.529419064521790e-01 -4.123258590698242e+01 
2.629569917917252e-02 -2.378470301628113e-01 1.093105554580688e+00 9.464446067810059e+00 
0.000000000000000e+00 0.000000000000000e+00 0.000000000000000e+00 1.000000000000000e+00 
src volume info
valid = 1  # volume info valid
filename = nu.mgz
volume = 256 256 256
voxelsize = 1.000000000000000e+00 1.000000000000000e+00 1.000000000000000e+00
xras   = -1.000000000000000e+00 0.000000000000000e+00 0.000000000000000e+00
yras   = 0.000000000000000e+00 0.000000000000000e+00 -1.000000000000000e+00
zras   = 0.000000000000000e+00 1.000000000000000e+00 0.000000000000000e+00
cras   = 2.134624633789062e+02 5.537877807617188e+02 7.998574218750000e+02
dst volume info
valid = 1  # volume info valid
filename = /usr/local/freesurfer/average/RB_all_withskull_2016-05-10.vc700.gca
volume = 256 256 256
voxelsize = 1.000000000000000e+00 1.000000000000000e+00 1.000000000000000e+00
xras   = -1.000000000000000e+00 0.000000000000000e+00 0.000000000000000e+00
yras   = 0.000000000000000e+00 0.000000000000000e+00 -1.000000000000000e+00
zras   = 0.000000000000000e+00 1.000000000000000e+00 0.000000000000000e+00
cras   = 0.000000000000000e+00 0.000000000000000e+00 0.000000000000000e+00
