# transform file /usr/local/freesurfer/subjects/3434/mri/transforms/cc_up.lta
# created by ubuntu on Fri Jan  5 03:11:04 2018

type      = 0 # LINEAR_VOX_TO_VOX
nxforms   = 1
mean      = 128.0000 112.0000 112.0000
sigma     = 10000.0000
1 4 4
9.993682503700256e-01 3.306426107883453e-02 -1.302469335496426e-02 -2.038676500320435e+00 
-3.306145593523979e-02 9.994531273841858e-01 4.308875650167465e-04 4.125220870971680e+01 
1.303181983530521e-02 -2.910382698728675e-11 9.999150037765503e-01 2.333477401733398e+01 
0.000000000000000e+00 0.000000000000000e+00 0.000000000000000e+00 1.000000000000000e+00 
src volume info
valid = 1  # volume info valid
filename = /usr/local/freesurfer/subjects/3434/mri/norm.mgz
volume = 256 256 256
voxelsize = 1.000000000000000e+00 1.000000000000000e+00 1.000000000000000e+00
xras   = -1.000000119209290e+00 0.000000000000000e+00 0.000000000000000e+00
yras   = 0.000000000000000e+00 0.000000000000000e+00 -1.000000000000000e+00
zras   = 0.000000000000000e+00 1.000000000000000e+00 0.000000000000000e+00
cras   = 2.033569946289062e+02 3.115904846191406e+02 5.255310058593750e+02
dst volume info
valid = 1  # volume info valid
filename = /usr/local/freesurfer/subjects/3434/mri/norm.mgz
volume = 256 256 256
voxelsize = 1.000000000000000e+00 1.000000000000000e+00 1.000000000000000e+00
xras   = -1.000000119209290e+00 0.000000000000000e+00 0.000000000000000e+00
yras   = 0.000000000000000e+00 0.000000000000000e+00 -1.000000000000000e+00
zras   = 0.000000000000000e+00 1.000000000000000e+00 0.000000000000000e+00
cras   = 2.033569946289062e+02 3.115904846191406e+02 5.255310058593750e+02
