# transform file /usr/local/freesurfer/subjects/3813/mri/transforms/cc_up.lta
# created by ubuntu on Fri Jan 12 11:06:21 2018

type      = 0 # LINEAR_VOX_TO_VOX
nxforms   = 1
mean      = 129.0000 100.0000 116.0000
sigma     = 10000.0000
1 4 4
9.985733628273010e-01 4.640309140086174e-02 -2.641892246901989e-02 -3.495090007781982e-01 
-4.638686031103134e-02 9.989227056503296e-01 1.227241707965732e-03 4.991810607910156e+01 
2.644741348922253e-02 0.000000000000000e+00 9.996502399444580e-01 1.263819694519043e+01 
0.000000000000000e+00 0.000000000000000e+00 0.000000000000000e+00 1.000000000000000e+00 
src volume info
valid = 1  # volume info valid
filename = /usr/local/freesurfer/subjects/3813/mri/norm.mgz
volume = 256 256 256
voxelsize = 1.000000000000000e+00 1.000000000000000e+00 1.000000000000000e+00
xras   = -1.000000000000000e+00 0.000000000000000e+00 0.000000000000000e+00
yras   = 0.000000000000000e+00 0.000000000000000e+00 -1.000000000000000e+00
zras   = 0.000000000000000e+00 1.000000000000000e+00 0.000000000000000e+00
cras   = 2.285471801757812e+02 2.690803222656250e+02 4.822177734375000e+02
dst volume info
valid = 1  # volume info valid
filename = /usr/local/freesurfer/subjects/3813/mri/norm.mgz
volume = 256 256 256
voxelsize = 1.000000000000000e+00 1.000000000000000e+00 1.000000000000000e+00
xras   = -1.000000000000000e+00 0.000000000000000e+00 0.000000000000000e+00
yras   = 0.000000000000000e+00 0.000000000000000e+00 -1.000000000000000e+00
zras   = 0.000000000000000e+00 1.000000000000000e+00 0.000000000000000e+00
cras   = 2.285471801757812e+02 2.690803222656250e+02 4.822177734375000e+02
