# transform file /usr/local/freesurfer/subjects/4071/mri/transforms/cc_up.lta
# created by ubuntu on Tue Jan 16 05:05:47 2018

type      = 0 # LINEAR_VOX_TO_VOX
nxforms   = 1
mean      = 130.0000 136.0000 130.0000
sigma     = 10000.0000
1 4 4
9.983132481575012e-01 1.106016151607037e-02 5.699287354946136e-02 -7.746308803558350e+00 
-1.104218233376741e-02 9.999387860298157e-01 -6.303890259005129e-04 1.249430656433105e+01 
-5.699636042118073e-02 0.000000000000000e+00 9.983743429183960e-01 1.848572921752930e+01 
0.000000000000000e+00 0.000000000000000e+00 0.000000000000000e+00 1.000000000000000e+00 
src volume info
valid = 1  # volume info valid
filename = /usr/local/freesurfer/subjects/4071/mri/norm.mgz
volume = 256 256 256
voxelsize = 1.000000000000000e+00 1.000000000000000e+00 1.000000000000000e+00
xras   = -1.000000000000000e+00 0.000000000000000e+00 0.000000000000000e+00
yras   = 0.000000000000000e+00 0.000000000000000e+00 -9.999999403953552e-01
zras   = 0.000000000000000e+00 9.999999403953552e-01 0.000000000000000e+00
cras   = 1.945073852539062e+02 2.957536315917969e+02 4.878048400878906e+02
dst volume info
valid = 1  # volume info valid
filename = /usr/local/freesurfer/subjects/4071/mri/norm.mgz
volume = 256 256 256
voxelsize = 1.000000000000000e+00 1.000000000000000e+00 1.000000000000000e+00
xras   = -1.000000000000000e+00 0.000000000000000e+00 0.000000000000000e+00
yras   = 0.000000000000000e+00 0.000000000000000e+00 -9.999999403953552e-01
zras   = 0.000000000000000e+00 9.999999403953552e-01 0.000000000000000e+00
cras   = 1.945073852539062e+02 2.957536315917969e+02 4.878048400878906e+02
