# transform file /usr/local/freesurfer/subjects/3763/mri/transforms/cc_up.lta
# created by ubuntu on Thu Jan 11 12:18:42 2018

type      = 0 # LINEAR_VOX_TO_VOX
nxforms   = 1
mean      = 129.0000 127.0000 128.0000
sigma     = 10000.0000
1 4 4
9.991909861564636e-01 3.762409836053848e-02 -1.420349907130003e-02 -2.524566173553467e+00 
-3.762029856443405e-02 9.992918968200684e-01 5.347724654711783e-04 2.583852577209473e+01 
1.421356294304132e-02 5.820766091346741e-11 9.998989701271057e-01 7.188523292541504e+00 
0.000000000000000e+00 0.000000000000000e+00 0.000000000000000e+00 1.000000000000000e+00 
src volume info
valid = 1  # volume info valid
filename = /usr/local/freesurfer/subjects/3763/mri/norm.mgz
volume = 256 256 256
voxelsize = 1.000000000000000e+00 1.000000000000000e+00 1.000000000000000e+00
xras   = -1.000000000000000e+00 0.000000000000000e+00 0.000000000000000e+00
yras   = 0.000000000000000e+00 0.000000000000000e+00 -1.000000000000000e+00
zras   = 0.000000000000000e+00 1.000000000000000e+00 0.000000000000000e+00
cras   = 2.159484558105469e+02 2.773060302734375e+02 5.155925292968750e+02
dst volume info
valid = 1  # volume info valid
filename = /usr/local/freesurfer/subjects/3763/mri/norm.mgz
volume = 256 256 256
voxelsize = 1.000000000000000e+00 1.000000000000000e+00 1.000000000000000e+00
xras   = -1.000000000000000e+00 0.000000000000000e+00 0.000000000000000e+00
yras   = 0.000000000000000e+00 0.000000000000000e+00 -1.000000000000000e+00
zras   = 0.000000000000000e+00 1.000000000000000e+00 0.000000000000000e+00
cras   = 2.159484558105469e+02 2.773060302734375e+02 5.155925292968750e+02
