# transform file transforms/talairach_with_skull.lta
# created by ubuntu on Thu Jan 11 02:15:27 2018

type      = 0 # LINEAR_VOX_TO_VOX
nxforms   = 1
mean      = 126.0000 149.0000 128.0000
sigma     = 10000.0000
1 4 4
1.059961915016174e+00 1.575727574527264e-02 3.523300588130951e-02 -1.751474380493164e+01 
-1.736546121537685e-02 1.222507953643799e+00 1.984390616416931e-01 -5.018742752075195e+01 
-3.446105122566223e-02 -1.281188130378723e-01 9.702035784721375e-01 8.518509864807129e+00 
0.000000000000000e+00 0.000000000000000e+00 0.000000000000000e+00 1.000000000000000e+00 
src volume info
valid = 1  # volume info valid
filename = nu.mgz
volume = 256 256 256
voxelsize = 1.000000000000000e+00 1.000000000000000e+00 1.000000000000000e+00
xras   = -1.000000000000000e+00 0.000000000000000e+00 0.000000000000000e+00
yras   = 0.000000000000000e+00 0.000000000000000e+00 -1.000000000000000e+00
zras   = 0.000000000000000e+00 1.000000000000000e+00 0.000000000000000e+00
cras   = 2.159484558105469e+02 2.773060302734375e+02 5.155925292968750e+02
dst volume info
valid = 1  # volume info valid
filename = /usr/local/freesurfer/average/RB_all_withskull_2016-05-10.vc700.gca
volume = 256 256 256
voxelsize = 1.000000000000000e+00 1.000000000000000e+00 1.000000000000000e+00
xras   = -1.000000000000000e+00 0.000000000000000e+00 0.000000000000000e+00
yras   = 0.000000000000000e+00 0.000000000000000e+00 -1.000000000000000e+00
zras   = 0.000000000000000e+00 1.000000000000000e+00 0.000000000000000e+00
cras   = 0.000000000000000e+00 0.000000000000000e+00 0.000000000000000e+00
