# transform file /usr/local/freesurfer/subjects/3826/mri/transforms/cc_up.lta
# created by ubuntu on Sat Jan 13 02:09:42 2018

type      = 0 # LINEAR_VOX_TO_VOX
nxforms   = 1
mean      = 129.0000 94.0000 109.0000
sigma     = 10000.0000
1 4 4
9.997647404670715e-01 8.424381725490093e-03 1.998768746852875e-02 -2.591072797775269e+00 
-8.422698825597763e-03 9.999645352363586e-01 -1.683898881310597e-04 4.809731292724609e+01 
-1.998839713633060e-02 0.000000000000000e+00 9.998002052307129e-01 3.357788848876953e+01 
0.000000000000000e+00 0.000000000000000e+00 0.000000000000000e+00 1.000000000000000e+00 
src volume info
valid = 1  # volume info valid
filename = /usr/local/freesurfer/subjects/3826/mri/norm.mgz
volume = 256 256 256
voxelsize = 1.000000000000000e+00 1.000000000000000e+00 1.000000000000000e+00
xras   = -1.000000000000000e+00 0.000000000000000e+00 0.000000000000000e+00
yras   = 0.000000000000000e+00 0.000000000000000e+00 -1.000000000000000e+00
zras   = 0.000000000000000e+00 1.000000000000000e+00 0.000000000000000e+00
cras   = 2.060773010253906e+02 2.803884277343750e+02 5.061344604492188e+02
dst volume info
valid = 1  # volume info valid
filename = /usr/local/freesurfer/subjects/3826/mri/norm.mgz
volume = 256 256 256
voxelsize = 1.000000000000000e+00 1.000000000000000e+00 1.000000000000000e+00
xras   = -1.000000000000000e+00 0.000000000000000e+00 0.000000000000000e+00
yras   = 0.000000000000000e+00 0.000000000000000e+00 -1.000000000000000e+00
zras   = 0.000000000000000e+00 1.000000000000000e+00 0.000000000000000e+00
cras   = 2.060773010253906e+02 2.803884277343750e+02 5.061344604492188e+02
